RemoveBuildingForPlayer(playerid, 13219, 1305.0469, 345.4453, 21.8203, 0.25);
RemoveBuildingForPlayer(playerid, 1687, 1309.3125, 335.2344, 25.2969, 0.25);
RemoveBuildingForPlayer(playerid, 1308, 1312.1797, 326.4766, 18.8203, 0.25);
RemoveBuildingForPlayer(playerid, 1688, 1300.0313, 344.1172, 25.4844, 0.25);
RemoveBuildingForPlayer(playerid, 1412, 1291.7422, 352.8516, 19.7500, 0.25);
RemoveBuildingForPlayer(playerid, 1412, 1293.0938, 349.2109, 19.6875, 0.25);
RemoveBuildingForPlayer(playerid, 1440, 1294.8828, 346.4453, 19.0547, 0.25);
RemoveBuildingForPlayer(playerid, 12849, 1305.0469, 345.4453, 21.8203, 0.25);
RemoveBuildingForPlayer(playerid, 1691, 1311.7344, 341.7344, 24.9141, 0.25);
RemoveBuildingForPlayer(playerid, 1688, 1301.6953, 356.8906, 23.6953, 0.25);
RemoveBuildingForPlayer(playerid, 1691, 1312.5938, 354.3047, 22.3125, 0.25);
RemoveBuildingForPlayer(playerid, 1440, 1314.1719, 357.4766, 19.0156, 0.25);
RemoveBuildingForPlayer(playerid, 1345, 1307.6875, 349.7578, 19.2813, 0.25);
RemoveBuildingForPlayer(playerid, 1687, 1317.7188, 352.8906, 23.3047, 0.25);
RemoveBuildingForPlayer(playerid, 1345, 1315.2500, 349.5625, 19.2578, 0.25);
CreateObject(1345, 1325.05823, 347.10541, 19.28125,   3.14159, 0.00000, 0.42132);
CreateObject(1687, 1328.17578, 351.05289, 23.30469,   3.14159, 0.00000, 1.98436);
CreateObject(1440, 1326.27429, 349.47470, 19.01563,   3.14159, 0.00000, 0.47685);
CreateObject(1688, 1324.00146, 338.65872, 25.48438,   3.14159, 0.00000, 1.98436);
CreateObject(1691, 1327.05457, 342.88382, 24.91406,   3.14159, 0.00000, 1.98436);
CreateObject(8947, 1306.36743, 348.53412, 15.50000,   0.00000, 0.00000, -24.18000);
CreateObject(9351, 1311.46301, 328.95111, 18.55510,   0.00000, 0.00000, -158.88000);
CreateObject(14877, 1311.82349, 328.31339, 17.12245,   0.00000, 0.00000, 113.88001);
CreateObject(18766, 1311.16919, 329.61282, 19.16450,   0.00000, 90.00000, 24.06000);
CreateObject(1504, 1310.73999, 328.87698, 19.16917,   0.00000, 0.00000, 24.06000);


RemoveBuildingForPlayer(playerid, 13219, 1305.0469, 345.4453, 21.8203, 0.25);
RemoveBuildingForPlayer(playerid, 1687, 1309.3125, 335.2344, 25.2969, 0.25);
RemoveBuildingForPlayer(playerid, 1308, 1312.1797, 326.4766, 18.8203, 0.25);
RemoveBuildingForPlayer(playerid, 1688, 1300.0313, 344.1172, 25.4844, 0.25);
RemoveBuildingForPlayer(playerid, 1412, 1291.7422, 352.8516, 19.7500, 0.25);
RemoveBuildingForPlayer(playerid, 1412, 1293.0938, 349.2109, 19.6875, 0.25);
RemoveBuildingForPlayer(playerid, 1440, 1294.8828, 346.4453, 19.0547, 0.25);
RemoveBuildingForPlayer(playerid, 12849, 1305.0469, 345.4453, 21.8203, 0.25);
RemoveBuildingForPlayer(playerid, 1691, 1311.7344, 341.7344, 24.9141, 0.25);
RemoveBuildingForPlayer(playerid, 1688, 1301.6953, 356.8906, 23.6953, 0.25);
RemoveBuildingForPlayer(playerid, 1691, 1312.5938, 354.3047, 22.3125, 0.25);
RemoveBuildingForPlayer(playerid, 1440, 1314.1719, 357.4766, 19.0156, 0.25);
RemoveBuildingForPlayer(playerid, 1345, 1307.6875, 349.7578, 19.2813, 0.25);
RemoveBuildingForPlayer(playerid, 1687, 1317.7188, 352.8906, 23.3047, 0.25);
RemoveBuildingForPlayer(playerid, 1345, 1315.2500, 349.5625, 19.2578, 0.25);
CreateObject(1345, 1325.05823, 347.10541, 19.28125,   3.14159, 0.00000, 0.42132);
CreateObject(1687, 1328.17578, 351.05289, 23.30469,   3.14159, 0.00000, 1.98436);
CreateObject(1440, 1326.27429, 349.47470, 19.01563,   3.14159, 0.00000, 0.47685);
CreateObject(1688, 1325.53235, 346.11749, 25.48438,   3.14159, 0.00000, 1.98436);
CreateObject(1691, 1327.05457, 342.88382, 24.91406,   3.14159, 0.00000, 1.98436);
CreateObject(8947, 1312.54712, 339.45981, 15.50000,   0.00000, 0.00000, -24.18000);
CreateObject(18762, 1313.89526, 330.53918, 20.98819,   0.00000, 0.00000, -23.70001);
CreateObject(18762, 1308.71948, 328.42981, 21.01331,   0.00000, 0.00000, -20.88001);
CreateObject(18766, 1310.97412, 329.59271, 23.49033,   0.00000, 90.00000, 24.06000);
CreateObject(18762, 1313.89526, 330.53922, 25.98860,   0.00000, 0.00000, -23.70000);
CreateObject(18762, 1308.71948, 328.42981, 25.98860,   0.00000, 0.00000, -20.82000);
CreateObject(19433, 1310.26697, 329.53519, 23.42770,   0.00000, 90.00000, 24.06000);
CreateObject(19433, 1312.44324, 330.44809, 21.90135,   0.00000, 90.00000, 24.06000);
CreateObject(1491, 1311.84875, 328.51379, 18.52240,   0.00000, 0.00000, 24.06000);
CreateObject(18766, 1315.86096, 335.55420, 25.63200,   0.00000, 0.00000, 65.40000);
CreateObject(8947, 1315.41028, 345.89359, 15.49600,   0.00000, 0.00000, -24.18000);
CreateObject(18766, 1315.86096, 335.55420, 20.64965,   0.00000, 0.00000, 65.40001);
CreateObject(18766, 1303.87183, 330.87582, 20.64965,   0.00000, 0.00000, -24.47999);
CreateObject(8947, 1297.89563, 339.87271, 15.49600,   0.00000, 0.00000, -114.12000);
CreateObject(8947, 1301.79810, 356.06064, 15.49400,   0.00000, 0.00000, -114.12000);
CreateObject(18766, 1303.87183, 330.87579, 25.63200,   0.00000, 0.00000, -24.48000);
CreateObject(18766, 1300.64795, 332.34805, 20.64965,   0.00000, 0.00000, -24.47999);
CreateObject(18766, 1300.65137, 332.34579, 25.63000,   0.00000, 0.00000, -24.48000);
CreateObject(18762, 1296.29419, 334.05951, 25.98860,   0.00000, 0.00000, -25.62000);
CreateObject(18762, 1296.29419, 334.05951, 21.01790,   0.00000, 0.00000, -25.62000);
CreateObject(18762, 1318.38708, 340.40952, 20.98819,   0.00000, 0.00000, -23.70001);
CreateObject(18762, 1318.38708, 340.40948, 25.98860,   0.00000, 0.00000, -23.70000);
CreateObject(18766, 1313.72754, 342.40311, 20.64965,   0.00000, 0.00000, -24.47999);
CreateObject(18766, 1313.72754, 342.40311, 25.63000,   0.00000, 0.00000, -24.48000);
CreateObject(18766, 1298.59656, 338.73602, 20.64965,   0.00000, 0.00000, 65.40001);
CreateObject(18766, 1298.59656, 338.73599, 25.62800,   0.00000, 0.00000, 65.40000);
CreateObject(14877, 1305.68994, 347.61835, 16.88332,   0.00000, 0.00000, -114.24001);
CreateObject(18766, 1306.96643, 345.47690, 20.64960,   0.00000, 0.00000, -24.48000);
CreateObject(18766, 1306.96643, 345.47690, 25.63000,   0.00000, 0.00000, -24.48000);
CreateObject(18762, 1302.50720, 347.65417, 21.01790,   0.00000, 0.00000, -25.62000);
CreateObject(18766, 1300.69055, 343.30191, 20.64960,   0.00000, 0.00000, 65.40000);
CreateObject(18766, 1300.69055, 343.30191, 25.62800,   0.00000, 0.00000, 65.40000);
CreateObject(18762, 1302.50720, 347.65421, 25.98860,   0.00000, 0.00000, -25.62000);
CreateObject(8947, 1301.52563, 348.35062, 15.49200,   0.00000, 0.00000, -114.12000);
CreateObject(19449, 1315.10767, 336.45471, 22.16000,   0.00000, 90.00000, -24.60000);
CreateObject(19449, 1314.75525, 335.64557, 22.16185,   0.00000, 90.00000, -24.60000);
CreateObject(18765, 1309.81238, 333.30856, 16.37514,   0.00000, 0.00000, 336.63480);
CreateObject(19433, 1310.24512, 329.48300, 21.89642,   0.00000, 90.00000, 24.06000);
CreateObject(19433, 1311.84473, 330.23605, 23.42963,   0.00000, 90.00000, 24.06000);
CreateObject(1556, 1310.65308, 328.96344, 18.86780,   0.00000, 0.00000, 24.47970);
CreateObject(19439, 1310.50232, 328.89828, 22.63021,   90.00000, 90.00000, 24.00000);
CreateObject(19439, 1312.13025, 329.61902, 22.69856,   90.00000, 90.00000, 24.00000);
CreateObject(18765, 1303.08215, 336.18146, 16.37514,   0.00000, 0.00000, 335.61484);
CreateObject(19452, 1304.86853, 331.65692, 23.37253,   0.00000, 90.00000, -114.78000);
CreateObject(19452, 1301.46606, 333.21844, 23.37253,   0.00000, 90.00000, -114.78000);
CreateObject(19452, 1304.53918, 331.80408, 21.89758,   0.00000, 90.00000, -114.78000);
CreateObject(19452, 1301.44971, 333.18246, 21.89758,   0.00000, 90.00000, -114.78000);
CreateObject(19439, 1306.57703, 329.16418, 22.63020,   90.00000, 90.00000, -24.48000);
CreateObject(19439, 1303.45972, 330.59039, 22.63020,   90.00000, 90.00000, -24.48000);
CreateObject(19439, 1300.39587, 331.98737, 22.63020,   90.00000, 90.00000, -24.48000);
CreateObject(19439, 1298.32104, 332.94354, 22.63020,   90.00000, 90.00000, -24.48000);
